time:  13:47:45
light:  0.16275
temperature:   24.19
time:  13:48:05
light:  0.16275
temperature:   24.19
